RDA3
A
3
262915
197888
5
UTF-8
1026
1
262153
1
H
531
4
131085
857
1159
951
599
142
139
488
248
846
101
876
1007
162
818
1090
680
974
241
334
160
335
578
301
785
952
529
628
164
833
1212
181
703
11
1027
292
62
794
35
221
1059
177
54
121
837
143
493
401
106
1188
1128
1023
249
88
888
148
681
721
97
254
508
356
491
460
883
1006
784
613
487
210
1057
15
1036
34
122
712
791
227
667
314
1110
392
211
1195
898
829
1024
1018
775
928
516
802
549
347
9
52
257
1116
725
676
1138
573
718
782
633
443
215
844
631
32
187
830
759
1199
1183
131
904
552
276
914
509
894
454
897
1039
175
715
903
768
1093
496
358
222
1221
98
199
970
813
764
710
1112
94
832
379
854
372
125
869
967
683
1000
362
568
966
1035
1088
880
390
1150
469
109
653
691
1193
218
809
377
753
309
862
338
77
839
557
41
319
1152
619
285
731
962
1052
943
826
450
179
243
728
931
1010
49
1107
1026
40
114
431
140
677
174
604
303
553
118
732
656
85
167
975
138
693
1098
130
534
515
901
561
936
981
480
1002
921
727
236
435
296
816
765
360
1120
461
84
374
512
1020
540
717
688
909
761
1015
539
56
1209
406
1065
414
755
1111
989
736
969
504
560
882
266
666
587
1178
1174
1073
591
502
1075
947
1126
441
1144
168
760
1011
365
1051
1
270
206
1068
23
456
415
999
798
609
200
698
268
343
1214
684
87
13
339
155
990
1149
444
225
673
592
924
716
422
1215
313
948
1189
1122
240
1132
378
1124
519
6
184
1168
978
548
399
614
824
872
1184
430
1103
907
354
622
490
386
501
1104
1136
209
50
562
173
53
890
7
551
204
857
144
369
956
706
1140
937
297
1154
156
584
774
641
879
649
1046
120
19
185
1203
565
740
658
1220
596
476
1177
107
1165
294
659
36
542
808
758
788
312
1113
704
986
581
720
1078
426
80
1179
533
799
4
424
342
694
178
586
186
906
263
594
983
451
325
133
657
75
170
305
831
188
157
996
714
541
682
963
1182
537
190
99
96
922
652
608
726
242
998
1022
404
627
988
396
265
126
1200
112
465
875
825
421
517
739
336
393
302
1130
1076
892
1029
453
1063
447
304
843
735
1161
108
1032
432
773
1127
927
644
207
279
817
780
1038
1207
213
455
485
1044
1025
169
259
442
779
419
71
30
1218
27
344
945
21
1091
650
201
770
749
711
1087
1137
984
147
47
445
623
1092
111
1156
567
165
713
929
410
866
1141
1066
1019
885
1054
1201
51
1143
618
260
1064
668
337
1004
530
571
662
590
915
847
244
617
274
128
462
1147
1175
607
513
79
78
203
678
911
821
361
918
815
1185
1106
1204
163
89
958
306
1030
580
22
340
762
291
908
18
954
145
409
1167
26
863
738
494
137
585
438
31
643
38
321
382
69
870
267
750
949
1194
744
288
864
992
351
616
1047
83
364
448
255
835
895
787
152
1017
910
230
129
330
495
381
72
601
555
820
647
1081
100
252
317
842
686
776
858
193
886
234
76
394
868
269
380
665
1108
329
701
1162
723
630
300
811
902
899
483
198
522
916
626
224
664
546
935
651
845
926
3
751
262
597
960
965
1142
1163
1146
1100
471
355
1084
1031
29
482
699
388
1114
464
838
387
103
183
654
472
102
478
524
629
828
229
566
226
433
1049
449
228
1123
1074
458
33
1166
28
781
348
1101
840
812
993
132
349
1181
848
625
819
964
865
1217
696
271
197
110
436
690
383
341
1082
707
521
258
852
1125
575
737
593
1160
836
463
506
968
468
332
933
923
570
57
1033
689
423
851
1169
919
127
275
1097
932
284
536
612
881
352
316
660
115
979
345
333
1061
58
1192
91
322
708
299
457
1021
1056
1055
977
64
518
437
384
777
159
520
648
697
429
239
238
315
452
859
729
440
661
281
778
635
527
247
74
467
621
803
510
695
1045
756
166
887
769
938
1187
481
669
479
250
1009
1037
563
212
766
219
66
427
205
439
46
1005
556
117
804
792
477
119
489
475
554
113
189
359
311
722
105
646
363
498
208
232
407
579
1086
595
256
743
10
679
86
544
559
893
805
1067
43
636
850
624
772
55
254
254
13
367
2
5
8
12
14
16
17
20
24
25
37
39
42
44
45
48
59
60
61
63
65
67
68
70
73
81
82
90
92
93
95
104
116
123
124
134
135
136
141
146
149
150
151
153
154
158
161
171
172
176
180
182
191
192
194
195
196
202
214
216
217
220
223
231
233
235
237
245
246
251
253
261
264
272
273
277
278
280
282
283
286
287
289
290
293
295
298
307
308
310
318
320
323
324
326
327
328
331
346
350
353
357
366
367
368
370
371
373
375
376
385
389
391
395
397
398
400
402
403
405
408
411
412
413
416
417
418
420
425
428
434
446
459
466
470
473
474
484
486
492
497
499
500
503
505
507
511
514
523
525
526
528
531
532
535
538
543
545
547
550
558
564
569
572
574
576
577
582
583
588
589
598
600
602
603
605
606
610
611
615
620
632
634
637
638
639
640
642
645
655
663
670
671
672
674
675
685
687
692
700
702
705
709
719
724
730
733
734
741
742
745
746
747
748
752
754
757
763
767
771
783
786
789
790
793
795
796
797
800
801
806
807
810
814
822
823
827
834
841
849
853
855
856
860
861
867
871
873
874
877
878
884
889
891
896
900
905
912
913
917
920
925
930
934
939
940
941
942
944
946
950
953
955
957
959
961
971
972
973
976
980
982
985
987
991
994
995
997
1001
1003
1008
1012
1013
1014
1016
1028
1034
1040
1041
1042
1043
1048
1050
1053
1058
1060
1062
1069
1070
1071
1072
1077
1079
1080
1083
1085
1089
1094
1095
1096
1099
1102
1105
1109
1115
1117
1118
1119
1121
1129
1131
1133
1134
1135
1139
1145
1148
1151
1153
1155
1157
1158
1164
1170
1171
1172
1173
1176
1180
1186
1190
1191
1196
1197
1198
1202
1205
1206
1208
1210
1211
1213
1216
1219
1222
1223
1224
1026
1
262153
5
names
16
4
262153
2
tr
262153
3
itr
262153
3
val
262153
2
ts
254
254
