RDA3
A
3
262915
197888
5
UTF-8
1026
1
262153
2
s1
787
3
526
300
0.3712427781361393
0.4643422534944451
0.3257555963046378
0.3604124106173023
0.3257555963046378
0.4494197657331824
0.1446624620441283
0.3257555963046378
0.4494197657331824
0.2084505991811626
0.3712427781361393
0.2084505991811626
0.3604124106173023
0.2084505991811626
0.2240416631378109
0.1206067902964919
0.4369580906570516
0.1957136445322519
0.1957136445322519
0.3712427781361393
0.9370849819930479
0.4465895156692986
0.5870471581971606
0.4637440079296532
0.5482499026239125
0.5823266007937491
0.6722346932776713
0.5870471581971606
0.5823266007937491
0.1430454496595431
0.9370849819930479
0.1430454496595431
0.4637440079296532
0.1357352315579401
0.5870471581971606
0.1357352315579401
0.9370849819930479
0.1159039459378332
0.1159039459378332
0.9370849819930479
0.1585806540679187
0.3357812301204543
0.3357812301204543
0.3357812301204543
0.3357812301204543
0.1430569583856031
0.1585806540679187
0.234555731022785
0.2315820433869182
0.4854047912200057
0.1585806540679187
0.4854047912200057
0.3357812301204543
0.3062347159115956
0.3357812301204543
0.2902567612708497
0.3500475362204404
0.3357812301204543
0.3357812301204543
0.1585806540679187
0.5871457022149116
0.4665519208618814
0.4612929359005541
0.4660704490038967
0.6500047682651622
0.5871457022149116
0.5871457022149116
0.4612929359005541
0.5871457022149116
0.4762339473917523
0.5871457022149116
0.4762339473917523
0.4461610072274795
0.4461610072274795
0.4612929359005541
0.4461610072274795
0.5908290969904005
0.4461610072274795
0.3075857190989126
0.5871457022149116
0.7749906193930656
0.2558212921852256
0.1599509847084261
0.2518923875130136
0.1000969124391431
0.7749906193930656
0.7749906193930656
0.1599509847084261
0.7749906193930656
0.2535500442877426
0.7749906193930656
0.2535500442877426
0.2517914499501799
0.2535500442877426
0.1599509847084261
0.2066127338100205
0.7749906193930656
0.2535500442877426
0.2535500442877426
0.8024950546180025
0.09814736022356058
0.01219264931813538
0.04694161200796945
0.03705591304528814
0.02814966265914096
0.1621241678846513
0.1769057973347944
0.04694161200796945
0.1497571874897683
0.4321468797284498
0.08860254389852634
0.4362143289656444
0.01219264931813538
0.4253215791441137
0.08678196705095023
0.4362143289656444
0.1272439086464208
0.1096630867268877
0.1096630867268877
0.08860254389852634
0.8313337381798304
0.2219042122895065
0.2194018605700108
0.1767929835796959
0.08072650221288774
0.1411760907206234
0.2506501475174257
0.2194018605700108
0.1411760907206234
0.1684709877357594
0.7769928535724366
0.1684709877357594
0.1684709877357594
0.1684709877357594
0.2194018605700108
0.1303546575654803
0.7769928535724366
0.2300507371461987
0.2300507371461987
0.7769928535724366
0.1729211657224113
0.312915796877715
0.312915796877715
0.2055208342211527
0.312915796877715
0.3703475533984601
0.1729211657224113
0.312915796877715
0.3703475533984601
0.06850322607084175
0.1729211657224113
0.226281870031782
0.1977073896041897
0.05798875892693972
0.312915796877715
0.05798875892693972
0.234732620367828
0.05798875892693972
0.2168378929164894
0.1729211657224113
0.8912641005563448
0.3668252108922511
0.3700477205594921
0.3668252108922511
0.3700477205594921
0.51945392601192
0.857916157710688
0.3700477205594921
0.51945392601192
0.366017464122062
0.857916157710688
0.366017464122062
0.3668252108922511
0.3760097856077605
0.3700477205594921
0.366017464122062
0.5519552856006145
0.366017464122062
0.4366438301204699
0.8706976376307273
0.6881454066268876
0.0985985919591823
0.06786205130629241
0.0645375376709858
0.04993599313393964
0.05559489487230876
0.6881454066268876
0.06786205130629241
0.05559489487230876
0.03827080821229725
0.6881454066268876
0.2405808552570134
0.06786205130629241
0.3914015246560458
0.06786205130629241
0.06780685458750915
0.6881454066268876
0.0456478769722564
0.0456478769722564
0.6881454066268876
0.851391427917406
0.6000506694237322
0.9548330255666239
0.5782816243823727
0.9495524974036381
0.851391427917406
0.851391427917406
0.9548330255666239
0.851391427917406
0.5283735366218735
0.851391427917406
0.5782816243823727
0.5782816243823727
0.5782816243823727
0.9548330255666239
0.5782816243823727
0.9230663168809491
0.5782816243823727
0.5782816243823727
0.851391427917406
0.2331971251357819
0.3806083316346434
0.4337709574887195
0.1829734441716068
0.3850021743140503
0.5223617472652758
0.2331971251357819
0.4405206404814062
0.5223617472652758
0.1351696628705756
0.2331971251357819
0.1351696628705756
0.1829734441716068
0.1614882806875937
0.2118538814598515
0.1351696628705756
0.2331971251357819
0.4964440476586116
0.4964440476586116
0.2331971251357819
0.1825303663715819
0.6884787137854876
0.5607913660838553
0.6053631221460523
0.4757696775130686
0.07573145302012563
0.03100454989106877
0.5607913660838553
0.07573145302012563
0.6998989705216613
0.1825303663715819
0.6998989705216613
0.6884787137854876
0.6998989705216613
0.5607913660838553
0.6998989705216613
0.1825303663715819
0.6860593996076848
0.4259935298664855
0.1825303663715819
0.1915660718974269
0.1257353801734439
0.07229138697965026
0.02469913327494722
0.06057777767258526
0.2189995616208762
0.194925128687337
0.07229138697965026
0.2189995616208762
0.07822769400123225
0.1915660718974269
0.07822769400123225
0.06942584057307488
0.167087830108749
0.07229138697965026
0.167087830108749
0.1915660718974269
0.167087830108749
0.1495546461014481
0.1915660718974269
0.5215699945885414
0.177329406607537
0.04398659415073863
0.3079013979940359
0.05218810766869236
0.4243899956345558
0.5088884463362043
0.04398659415073863
0.4243899956345558
0.3413864452560866
0.5215699945885414
0.3413864452560866
0.3138277682850062
0.3413864452560866
0.09369936820876718
0.3413864452560866
0.5215699945885414
0.4106974525051192
0.4106974525051192
0.5215699945885414
1026
1
262153
3
dim
13
2
20
15
254
526
40
0.1894407420019134
0.5
0.2211614859496359
0.5
0.2061747012372104
0.1940255549610027
0.192412154821553
0.2211614859496359
0.1940255549610027
0.5
0.1894407420019134
0.5
0.5
0.5
0.2211614859496359
0.5
0.1894407420019134
0.5
0.5
0.1894407420019134
7
1
2
1
3
5
6
2
5
1
7
1
1
1
2
1
7
1
1
7
1026
767
13
2
20
2
254
10
20
1
1
1
1
1
1
1
1
1
1
1
1
1
1
1
1
1
1
1
1
1026
1
262153
5
names
16
3
262153
3
par
262153
5
value
262153
14
pareto.optimal
1026
1
262153
5
class
16
2
262153
5
nsga2
262153
3
mco
254
254
